# GIMP colorrc
# 
# This file holds a list of recently used colors.

(color-history
    (color-rgba 0.53725490196078429 0.55686274509803924 0.5490196078431373 1)
    (color-rgba 0.15294117647058825 0.031372549019607843 0.031372549019607843 6.9525858146823917e-310)
    (color-rgba 0.15139442231075695 0.031498168400224603 0.031498168400224603 1)
    (color-rgba 1 1 1 1)
    (color-rgba 0.18039216101169586 0.20392158627510071 0.25098040699958801 1)
    (color-rgba 0.16078431904315948 0.18039216101169586 0.16078431904315948 1)
    (color-rgba 0.12549020349979401 0.26666668057441711 0.30196079611778259 1)
    (color-rgba 0.34117648005485535 0.41568630933761597 0.50196081399917603 1)
    (color-rgba 0.84705889225006104 0.87058830261230469 0.91372555494308472 1)
    (color-rgba 0.44313728809356689 0.51372551918029785 0.41960787773132324 1)
    (color-rgba 0.16862745583057404 0.16862745583057404 0.17254902422428131 1)
    (color-rgba 0.32941177487373352 0.40000003576278687 0.4901961088180542 1)
    (color-rgba 0.10588236153125763 0.17254902422428131 0.23921570181846619 1)
    (color-rgba 0.13333334028720856 0.14117647707462311 0.14901961386203766 1)
    (color-rgba 0.63921570777893066 0.7450980544090271 0.54901963472366333 1)
    (color-rgba 0.43137258291244507 0.59607845544815063 0.65882354974746704 1)
    (color-rgba 0.53333336114883423 0.75294125080108643 0.81568634510040283 1)
    (color-rgba 0.5058823823928833 0.63137257099151611 0.7568628191947937 1)
    (color-rgba 0.17254902422428131 0.19607844948768616 0.24705883860588074 1)
    (color-rgba 0.51372551918029785 0.58039218187332153 0.58823531866073608 1)
    (color-rgba 0.094117656350135803 0.094117656350135803 0.094117656350135803 1)
    (color-rgba 0 0.40022840722798358 0.48068669527897001 1)
    (color-rgba 0.14828470201918373 0.37859351042104888 0.42489270386266098 1)
    (color-rgba 0.013912492438862818 0.25616557966369657 0.29613733905579398 1)
    (color-rgba 1 1 1 4.6663864120431995e-310)
    (color-rgba 0.023529411764705882 0 0.10980392156862745 1)
    (color-rgba 0.019014734774827957 0 0.1061900332570076 1)
    (color-rgba 0.023529411764705882 0 0 1)
    (color-rgba 0.91764705882352937 0.32941176470588235 0.12941176470588237 1)
    (color-rgba 0.97254901960784312 0.97647058823529409 0 1)
    (color-rgba 0.97254901960784312 0.97647058823529409 0 6.9530811095319396e-310)
    (color-rgba 0 0.55882352941176494 1 1)
    (color-rgba 0.10196078431372549 0.10196078431372549 0.10196078431372549 1)
    (color-rgba 0.52549019607843139 0.74509803921568629 0.2627450980392157 1)
    (color-rgba 0 0 0 1)
    (color-rgba 0.28235294117647058 0.72549019607843135 0.7803921568627451 1)
    (color-rgba 1 0 0 1)
    (color-rgba 0.67647058823529438 0 1 1)
    (color-rgba 0.02166064981949456 0.0015991083759358401 0.0015991083759358401 1)
    (color-rgba 0.87058800000000003 0.32549 0.27843099999999998 1)
    (color-rgba 0 0.47058823529411764 1 1)
    (color-rgba 0.17647099999999999 0.78039199999999997 0.99215699999999996 0)
    (color-rgba 0.73725499999999999 0.24313699999999999 0.16470599999999999 1)
    (color-rgba 0.20000000000000001 0.20000000000000001 0.20000000000000001 1)
    (color-rgba 0.129412 0.45882400000000001 0.60784300000000002 1)
    (color-rgba 0.78039199999999997 0.403922 0.40784300000000001 1)
    (color-rgba 1 1 1 1)
    (color-rgba 1 1 1 1))

# end of colorrc
